Timestamp,Accel_X,Accel_Y,Accel_Z,Roll,Pitch,Yaw,RM11,RM12,RM13,RM21,RM22,RM23,RM31,RM32,RM33,UserAcc_X,UserAcc_Y,UserAcc_Z,RotRate_X,RotRate_Y,RotRate_Z,MagHeading,TrueHeading,HeadingAccuracy,MagX,MagY,MagZ
461770993.910101,-0.035400,-0.793808,-0.587769,-0.000887,1.053208,-0.065107,0.997831,-0.065831,0.000439,0.032191,0.493737,0.869015,-0.057425,-0.867116,0.494785,0.002133,0.025738,-0.016323,0.156136,-0.165424,-0.059359,146.384201,147.478745,-1.000000,-5.871869,-40.977943,-12.865429
461770993.943406,-0.014984,-0.759308,-0.651688,-0.000887,1.053208,-0.065107,0.997831,-0.065831,0.000439,0.032191,0.493737,0.869015,-0.057425,-0.867116,0.494785,0.002133,0.025738,-0.016323,0.156136,-0.165424,-0.059359,146.384201,147.478745,-1.000000,-5.871869,-40.977943,-12.865429
461770993.976794,-0.045654,-0.787506,-0.616043,-0.000887,1.053208,-0.065107,0.997831,-0.065831,0.000439,0.032191,0.493737,0.869015,-0.057425,-0.867116,0.494785,0.002133,0.025738,-0.016323,0.156136,-0.165424,-0.059359,146.384201,147.478745,-1.000000,-5.871869,-40.977943,-12.865429
461770994.010133,-0.029572,-0.784271,-0.582352,-0.000887,1.053208,-0.065107,0.997831,-0.065831,0.000439,0.032191,0.493737,0.869015,-0.057425,-0.867116,0.494785,0.002133,0.025738,-0.016323,0.156136,-0.165424,-0.059359,146.384201,147.478745,-1.000000,-5.871869,-40.977943,-12.865429
461770994.042870,-0.054245,-0.781525,-0.580643,-0.000887,1.053208,-0.065107,0.997831,-0.065831,0.000439,0.032191,0.493737,0.869015,-0.057425,-0.867116,0.494785,0.002133,0.025738,-0.016323,0.156136,-0.165424,-0.059359,146.384201,147.478745,-1.000000,-5.871869,-40.977943,-12.865429
461770994.076723,-0.096909,-0.811584,-0.577393,-0.000887,1.053208,-0.065107,0.997831,-0.065831,0.000439,0.032191,0.493737,0.869015,-0.057425,-0.867116,0.494785,0.002133,0.025738,-0.016323,0.156136,-0.165424,-0.059359,146.384201,147.478745,-1.000000,-5.871869,-40.977943,-12.865429
461770994.110071,-0.049088,-0.790924,-0.586151,-0.000887,1.053208,-0.065107,0.997831,-0.065831,0.000439,0.032191,0.493737,0.869015,-0.057425,-0.867116,0.494785,0.002133,0.025738,-0.016323,0.156136,-0.165424,-0.059359,146.384201,147.478745,-1.000000,-5.871869,-40.977943,-12.865429
461770994.143485,-0.059845,-0.801102,-0.579376,-0.192864,0.922372,0.094316,0.991484,-0.059660,0.115756,-0.056876,0.601247,0.797036,-0.117149,-0.796833,0.592734,0.057513,0.000054,0.009574,0.171867,-0.122875,-0.046570,146.384201,147.478745,-1.000000,-5.871869,-40.977943,-12.865429
461770994.176970,-0.064087,-0.808701,-0.589630,-0.176689,0.929963,0.079834,0.992532,-0.061942,0.105087,-0.047679,0.595959,0.801598,-0.112280,-0.800622,0.588555,0.043106,0.000939,0.011086,0.059585,-0.032486,0.001653,146.384201,147.478745,-1.000000,-5.871869,-40.977943,-12.865429
461770994.210134,-0.057678,-0.796036,-0.579926,-0.158040,0.934041,0.062865,0.993537,-0.064249,0.093578,-0.037354,0.593415,0.804029,-0.107189,-0.802328,0.587180,0.047405,0.000684,-0.020059,0.198102,-0.125286,-0.033041,146.384201,147.478745,-1.000000,-5.871869,-40.977943,-12.865429
461770994.243458,-0.055328,-0.802628,-0.542313,-0.151492,0.943574,0.054918,0.993764,-0.067742,0.088571,-0.032215,0.586013,0.809661,-0.106752,-0.807465,0.580176,0.029244,0.010650,0.025168,0.266736,-0.094686,0.000055,146.384201,147.478745,-1.000000,-5.871869,-40.977943,-12.865429
461770994.276686,-0.076797,-0.852966,-0.588394,-0.148275,0.952830,0.051716,0.993929,-0.069124,0.085593,-0.029950,0.578604,0.815058,-0.105864,-0.812674,0.573021,-0.022607,-0.028432,-0.067207,0.199079,-0.011172,-0.050143,146.384201,147.478745,-1.000000,-5.871869,-40.977943,-12.865429
461770994.310127,-0.041641,-0.806076,-0.563644,-0.150370,0.961318,0.051689,0.993741,-0.071584,0.085754,-0.029576,0.571676,0.819947,-0.107719,-0.817351,0.565981,0.019012,0.012970,0.012804,0.233074,-0.104420,-0.020916,146.384201,147.478745,-1.000000,-5.871869,-40.977943,-12.865429
461770994.343421,-0.052643,-0.805267,-0.558701,-0.155517,0.969196,0.051552,0.993199,-0.076620,0.087662,-0.029164,0.565210,0.824431,-0.112716,-0.821381,0.559132,0.038544,0.022963,-0.004314,0.256885,-0.169633,-0.032285,146.384201,147.478745,-1.000000,-5.871869,-40.977943,-12.865429
461770994.376764,-0.067627,-0.843872,-0.540497,-0.158313,0.976780,0.051263,0.992892,-0.079876,0.088237,-0.028679,0.558959,0.828699,-0.115514,-0.825339,0.552695,0.027477,0.001399,0.015249,0.216954,-0.097959,0.017886,146.384201,147.478745,-1.000000,-5.871869,-40.977943,-12.865429
461770994.410124,-0.074387,-0.832489,-0.501221,-0.161411,0.983400,0.051740,0.992599,-0.082551,0.089066,-0.028661,0.553454,0.832386,-0.118008,-0.828778,0.546992,-0.009003,0.005146,0.049510,0.156973,-0.107781,-0.037419,146.384201,147.478745,-1.000000,-5.871869,-40.977943,-12.865429
461770994.443472,-0.062088,-0.831619,-0.535599,-0.163686,0.988301,0.052045,0.992377,-0.084573,0.089644,-0.028618,0.549365,0.835092,-0.119873,-0.831292,0.542756,0.022215,0.010233,0.032289,0.052347,-0.035782,0.023252,146.384201,147.478745,-1.000000,-5.871869,-40.977943,-12.865429
461770994.476776,-0.068512,-0.828857,-0.563080,-0.163166,0.990061,0.052735,0.992505,-0.083613,0.089123,-0.028919,0.547876,0.836060,-0.118734,-0.832371,0.541352,0.020473,0.016235,-0.001541,0.124509,0.014206,0.015936,146.384201,147.478745,-1.000000,-5.871869,-40.977943,-12.865429
461770994.510119,-0.063141,-0.828232,-0.528732,-0.165582,0.997946,0.054760,0.992425,-0.084322,0.089341,-0.029667,0.541217,0.840359,-0.119213,-0.836644,0.534616,0.026581,0.013607,-0.015387,0.323023,-0.092281,0.007534,146.384201,147.478745,-1.000000,-5.871869,-40.977943,-12.865429
461770994.543438,-0.080505,-0.835159,-0.519882,-0.168531,1.007790,0.056883,0.992302,-0.085569,0.089525,-0.030344,0.532868,0.845654,-0.120067,-0.841861,0.526169,0.022279,0.007489,-0.001007,0.293050,-0.018105,0.062542,154.686447,155.780991,25.000000,-8.137325,-39.271072,-13.038231
461770994.576782,-0.076706,-0.857330,-0.515305,-0.171473,1.016341,0.061184,0.992361,-0.084550,0.089835,-0.032192,0.525495,0.850187,-0.119091,-0.846585,0.518759,0.005454,0.005094,-0.001031,0.291602,0.012427,0.026789,152.647263,153.741806,25.000000,-8.387126,-39.159477,-12.963608
461770994.610120,-0.087601,-0.858765,-0.491852,-0.175654,1.027940,0.065472,0.992292,-0.084890,0.090274,-0.033798,0.515477,0.856236,-0.119220,-0.852688,0.508635,0.010608,-0.000133,-0.004533,0.425351,-0.084961,0.046994,152.065399,153.159943,25.000000,-8.524943,-39.365501,-12.631950
461770994.643466,-0.061829,-0.850357,-0.453262,-0.185753,1.043623,0.071830,0.991718,-0.088667,0.092914,-0.036106,0.501795,0.864233,-0.123253,-0.860430,0.494438,0.005314,0.005468,0.002586,0.507652,-0.178938,-0.014885,152.192947,153.287491,25.000000,-8.490489,-39.605865,-12.200787
461770994.677024,-0.101578,-0.869217,-0.472351,-0.192887,1.056734,0.077109,0.991397,-0.090818,0.094259,-0.037878,0.490258,0.870754,-0.125291,-0.866833,0.482600,0.032430,0.020397,0.029337,0.295585,-0.024121,0.057498,153.504837,154.599380,25.000000,-8.318212,-39.914909,-11.570629
461770994.710060,-0.097076,-0.875290,-0.459137,-0.199890,1.068338,0.084281,0.991259,-0.090897,0.095624,-0.040540,0.479872,0.876401,-0.125549,-0.872617,0.471992,0.002011,-0.003497,-0.008278,0.275582,-0.098009,-0.006588,152.957550,154.052094,25.000000,-8.387123,-39.914902,-11.106304
461770994.743450,-0.080780,-0.867538,-0.467285,-0.206970,1.077201,0.087242,0.990704,-0.095007,0.097363,-0.041282,0.471993,0.880635,-0.129621,-0.876468,0.463683,0.010189,0.011968,0.014434,0.250760,-0.126085,-0.002872,154.167343,155.261887,25.000000,-8.249299,-40.052254,-10.044991
461770994.776790,-0.070999,-0.870239,-0.466461,-0.213213,1.085095,0.091039,0.990321,-0.097499,0.098781,-0.042441,0.464895,0.884348,-0.132146,-0.879981,0.456258,0.029979,0.018854,-0.016994,0.279351,-0.072157,0.007789,154.434464,155.529007,25.000000,-8.180390,-40.258286,-10.111324
461770994.810111,-0.090759,-0.890045,-0.451828,-0.218270,1.094131,0.094165,0.990039,-0.099756,0.099353,-0.043141,0.456786,0.888530,-0.134019,-0.883966,0.447933,-0.000882,0.006389,0.003612,0.289272,-0.090615,-0.005472,156.213470,157.308014,25.000000,-7.835838,-40.395638,-9.514336
461770994.843488,-0.080688,-0.872437,-0.438614,-0.221690,1.102643,0.094011,0.989639,-0.103779,0.099218,-0.042359,0.449246,0.892403,-0.137186,-0.887360,0.440196,0.024099,0.014428,-0.022512,0.344127,-0.166778,-0.000844,155.951431,157.045975,25.000000,-8.077024,-40.979393,-9.414833
461770994.876768,-0.086334,-0.879684,-0.401031,-0.231504,1.114323,0.099308,0.988946,-0.108434,0.101134,-0.043702,0.438614,0.897612,-0.141691,-0.892110,0.429026,0.012313,0.030074,0.002803,0.438720,-0.122676,0.039523,155.915833,157.010376,25.000000,-8.180387,-40.876373,-9.116341
461770994.910136,-0.118820,-0.907227,-0.408859,-0.241810,1.124710,0.108630,0.988604,-0.109492,0.103312,-0.046775,0.428895,0.902143,-0.143087,-0.896694,0.418886,0.000285,-0.006900,0.040147,0.259162,-0.086174,0.053600,155.783096,156.877640,25.000000,-8.352662,-40.842041,-8.685177
461770994.942599,-0.087341,-0.889664,-0.374847,-0.251769,1.132650,0.113719,0.987816,-0.114232,0.105691,-0.048143,0.421522,0.905539,-0.147992,-0.899595,0.410886,-0.000876,0.004111,-0.003878,0.274163,-0.195948,-0.026870,153.996307,155.090851,25.000000,-8.249299,-40.258286,-8.519348
461770994.976867,-0.168350,-0.918427,-0.404999,-0.261172,1.141263,0.118405,0.987055,-0.118990,0.107532,-0.049194,0.413531,0.909160,-0.152649,-0.902681,0.402324,0.011874,0.010768,0.035122,0.169400,-0.072424,0.025917,153.093536,154.188080,25.000000,-8.352666,-40.429977,-8.552517
461770995.010047,-0.090775,-0.933029,-0.426315,-0.254451,1.147749,0.109727,0.987116,-0.122163,0.103339,-0.044957,0.408072,0.911842,-0.153563,-0.904739,0.397322,0.050696,0.037223,-0.017137,0.306113,-0.170732,-0.137008,152.114975,153.209518,25.000000,-8.559398,-40.498657,-8.419853
461770995.043404,-0.086227,-0.895630,-0.343109,-0.271115,1.165867,0.115800,0.985460,-0.133180,0.105503,-0.045518,0.391315,0.919130,-0.163695,-0.910569,0.379564,0.011708,0.031893,0.022935,0.294037,-0.156458,-0.007945,152.279358,153.373901,25.000000,-8.800581,-41.013733,-7.458038
461770995.076202,-0.108063,-0.912201,-0.351334,-0.279132,1.171920,0.122039,0.985053,-0.134980,0.107008,-0.047280,0.385494,0.921498,-0.165635,-0.912784,0.373351,-0.001055,0.009297,0.022017,0.116825,-0.018079,0.018619,153.904495,154.999039,25.000000,-8.456032,-41.082405,-6.861046
461770995.110121,-0.103897,-0.922501,-0.341553,-0.280089,1.172863,0.121271,0.984802,-0.136710,0.107125,-0.046879,0.384668,0.921864,-0.167235,-0.912875,0.372413,-0.007942,0.012226,0.037208,-0.049187,-0.027426,-0.032578,153.462036,154.556580,25.000000,-8.593852,-41.013733,-6.595718
461770995.143470,-0.114502,-0.923965,-0.383072,-0.277933,1.171160,0.116570,0.984495,-0.139191,0.106752,-0.045253,0.386443,0.921202,-0.169476,-0.911750,0.374152,0.002443,0.011672,0.010535,-0.123603,-0.079625,-0.043658,153.433975,154.528519,25.000000,-8.387120,-40.945053,-6.728382
461770995.176791,-0.093826,-0.902649,-0.357346,-0.273386,1.166872,0.107890,0.983997,-0.143141,0.106116,-0.042322,0.390745,0.919526,-0.173086,-0.909302,0.378434,0.012289,0.016877,0.021088,-0.186051,-0.095502,-0.080570,152.815475,153.910019,25.000000,-8.593849,-41.013733,-6.595715
461770995.210111,-0.103119,-0.912262,-0.313568,-0.259827,1.156109,0.093662,0.984190,-0.143721,0.103511,-0.037682,0.401138,0.915242,-0.173062,-0.904673,0.389380,0.009883,0.006505,0.090155,-0.697710,0.110643,-0.060928,152.879105,153.973648,25.000000,-8.593849,-41.151085,-6.728378
461770995.243470,-0.092682,-0.874100,-0.384857,-0.231786,1.123863,0.066721,0.984903,-0.141804,0.099284,-0.028815,0.431240,0.901777,-0.170690,-0.891024,0.420644,-0.008260,-0.002779,0.066335,-1.280297,0.083409,-0.137090,150.597916,151.692459,25.000000,-8.869493,-40.601669,-7.259037
461770995.276739,-0.077957,-0.842300,-0.433853,-0.197343,1.078436,0.033548,0.985834,-0.139789,0.092681,-0.015855,0.472441,0.881220,-0.166971,-0.870206,0.463532,0.009033,0.021433,0.059953,-1.531349,0.244081,-0.138170,150.776321,151.870865,25.000000,-8.283753,-40.155273,-9.282173
461770995.310105,-0.084869,-0.848404,-0.509033,-0.168184,1.034399,0.012884,0.987662,-0.131169,0.085544,-0.006584,0.511000,0.859556,-0.156460,-0.849514,0.503832,0.015735,0.027952,0.002703,-1.303080,0.413148,-0.002686,152.135803,153.230347,25.000000,-7.939201,-39.880562,-10.343487
461770995.343642,-0.097687,-0.833023,-0.551941,-0.143710,0.993611,-0.001385,0.989524,-0.121385,0.078148,0.000756,0.545667,0.838002,-0.144364,-0.829164,0.540043,-0.052070,-0.035732,-0.013180,-1.298131,0.261516,-0.123140,151.653564,152.748108,25.000000,-7.456828,-39.880562,-13.262104
461770995.376765,-0.028580,-0.745987,-0.652878,-0.117288,0.948733,-0.025679,0.990360,-0.120567,0.068188,0.014962,0.582521,0.812678,-0.137704,-0.803824,0.578710,0.019757,0.014201,0.011922,-1.504250,0.240929,-0.242849,153.677460,154.772003,25.000000,-6.836637,-39.262482,-15.517395
461770995.409927,-0.031250,-0.755280,-0.679947,-0.097908,0.908310,-0.038492,0.991508,-0.115315,0.060125,0.023670,0.614624,0.788465,-0.127876,-0.780346,0.612134,0.031545,0.042478,-0.040744,-1.032252,0.277979,-0.034649,152.267044,153.361588,25.000000,-7.008915,-38.884766,-16.678207
461770995.443471,-0.043808,-0.751038,-0.683685,-0.087970,0.882761,-0.042780,0.992319,-0.110408,0.055791,0.027158,0.634439,0.772495,-0.120685,-0.765047,0.632565,0.007207,0.011524,-0.071827,-0.649068,0.147430,-0.026760,154.609818,155.704361,25.000000,-6.560997,-38.232353,-17.839020
461770995.476811,-0.016464,-0.739868,-0.633514,-0.080026,0.863950,-0.048631,0.992666,-0.109173,0.051917,0.031570,0.648671,0.760414,-0.116693,-0.753198,0.647361,0.028418,0.020484,-0.025811,-0.601720,0.110182,-0.066287,154.208893,155.303436,25.000000,-7.008912,-38.060661,-18.535507
461770995.510137,-0.073349,-0.712051,-0.731598,-0.075726,0.839494,-0.047474,0.993338,-0.103566,0.050525,0.031693,0.667087,0.744305,-0.110789,-0.737746,0.665926,0.034060,0.004437,0.032411,-0.761985,0.194535,0.186605,154.902893,155.997437,25.000000,-6.836635,-38.026321,-18.900335
461770995.543623,-0.054947,-0.734894,-0.679459,-0.071606,0.823355,-0.044051,0.994159,-0.096346,0.048634,0.029935,0.679105,0.733430,-0.103691,-0.727690,0.678023,-0.006420,0.006776,-0.045351,-0.289723,0.136330,0.033421,155.363861,156.458405,25.000000,-6.802180,-37.854637,-19.795822
461770995.576674,-0.031403,-0.741089,-0.676590,-0.068702,0.814310,-0.043648,0.994512,-0.093408,0.047118,0.029949,0.685717,0.727252,-0.100241,-0.721850,0.684751,-0.005708,0.004641,0.010054,-0.345851,0.102042,0.002853,154.915970,156.010513,25.000000,-6.871089,-37.579926,-20.658142
461770995.610123,-0.062653,-0.687149,-0.740982,-0.064779,0.801320,-0.044444,0.994851,-0.090787,0.045039,0.030912,0.695072,0.718275,-0.096516,-0.713185,0.694300,0.013637,-0.022814,0.017710,-0.425324,0.043867,0.066224,154.635345,155.729889,25.000000,-6.767726,-37.064857,-20.890305
461770995.643475,-0.026428,-0.683121,-0.728439,-0.060672,0.789508,-0.044849,0.995226,-0.087760,0.042699,0.031572,0.703487,0.710007,-0.092348,-0.705269,0.702899,-0.001964,0.018662,-0.033277,-0.162712,0.040833,-0.048856,153.889038,154.983582,25.000000,-6.767726,-36.240753,-21.155634
461770995.676980,-0.035843,-0.695007,-0.693237,-0.056211,0.782939,-0.046973,0.995458,-0.086467,0.039824,0.033285,0.708062,0.705366,-0.089189,-0.700837,0.707724,0.000548,0.017911,-0.018396,-0.062890,0.039607,0.022608,153.729919,154.824463,25.000000,-6.595451,-35.519653,-21.719456
461770995.710414,-0.030426,-0.702713,-0.672867,-0.055480,0.782584,-0.048744,0.995370,-0.087703,0.039320,0.034550,0.708252,0.705114,-0.089689,-0.700491,0.708003,0.004973,0.005498,0.028636,-0.045419,-0.034322,-0.018008,152.300491,153.395035,25.000000,-6.940003,-35.657013,-22.051113
461770995.743475,-0.055267,-0.703690,-0.715622,-0.056135,0.780083,-0.048103,0.995372,-0.087425,0.039883,0.034181,0.710033,0.703338,-0.089807,-0.698720,0.709736,-0.014484,-0.003586,0.000049,-0.140214,0.010312,-0.010621,151.729568,152.824112,25.000000,-7.008915,-35.725693,-22.316442
461770995.776818,-0.027557,-0.684128,-0.697571,-0.053888,0.774415,-0.050325,0.995389,-0.087849,0.038502,0.035959,0.713925,0.699298,-0.088920,-0.694690,0.713792,-0.001888,0.001880,0.018831,-0.241590,0.088979,-0.068273,152.806854,153.901398,25.000000,-6.802186,-35.863045,-22.051117
461770995.810158,-0.025421,-0.687607,-0.710022,-0.048010,0.766487,-0.052760,0.995702,-0.085917,0.034571,0.037988,0.719349,0.693609,-0.084461,-0.689315,0.719522,0.010355,0.008947,0.014901,-0.255151,0.121331,-0.001625,154.674316,155.768860,25.000000,-6.492088,-36.172089,-22.216949
461770995.843471,-0.024902,-0.671936,-0.740585,-0.044158,0.758073,-0.054586,0.995881,-0.084810,0.032056,0.039619,0.725081,0.687523,-0.081552,-0.683422,0.725455,-0.002856,0.002251,-0.000101,-0.276297,0.030364,-0.048472,155.765930,156.860474,25.000000,-6.285356,-36.240768,-22.017950
461770995.876822,-0.012360,-0.650909,-0.751328,-0.040937,0.747637,-0.056921,0.995961,-0.084623,0.030011,0.041717,0.732110,0.679908,-0.079507,-0.675910,0.732683,0.012524,0.024283,-0.028700,-0.280067,0.078453,-0.011162,154.611649,155.706192,25.000000,-6.319810,-36.000397,-22.979767
461770995.910235,-0.008469,-0.662170,-0.742355,-0.037232,0.739967,-0.056757,0.996274,-0.081745,0.027489,0.041892,0.737301,0.674264,-0.075386,-0.670600,0.737979,0.015923,0.020562,-0.010511,-0.182739,0.107750,0.038077,155.796890,156.891434,25.000000,-5.871891,-35.966064,-23.609921
461770995.943467,-0.026169,-0.659668,-0.737061,-0.035614,0.735140,-0.055528,0.996500,-0.079308,0.026411,0.041166,0.740594,0.670691,-0.072751,-0.667256,0.741267,0.000273,0.009619,-0.013402,-0.101623,0.042214,0.014950,154.597534,155.692078,25.000000,-6.078624,-35.622681,-24.140579
461770995.976780,-0.025970,-0.666061,-0.748123,-0.034203,0.731113,-0.056314,0.996546,-0.079048,0.025457,0.041900,0.743251,0.667699,-0.071701,-0.664326,0.743996,0.003667,0.002294,0.014275,-0.140317,0.037406,0.001282,154.046722,155.141266,25.000000,-6.285353,-35.691353,-24.206909
461770996.010157,-0.023376,-0.660538,-0.736893,-0.033339,0.727434,-0.055705,0.996660,-0.077776,0.024896,0.041584,0.745724,0.664955,-0.070283,-0.661699,0.746468,-0.002616,-0.003425,-0.001976,-0.065382,0.017537,0.021580,151.961456,153.056000,25.000000,-6.698817,-35.347969,-24.538570
461770996.043376,-0.010666,-0.645294,-0.761780,-0.032499,0.723877,-0.056283,0.996679,-0.077709,0.024345,0.042147,0.748057,0.662294,-0.069678,-0.659069,0.748848,0.013679,0.017000,-0.012932,-0.080430,0.021223,0.007999,152.699448,153.793991,25.000000,-6.423173,-35.210617,-24.405909
461770996.076779,-0.016327,-0.651993,-0.749893,-0.031781,0.722235,-0.056991,0.996676,-0.077904,0.023842,0.042739,0.749112,0.661064,-0.069360,-0.657847,0.749951,0.005990,0.010963,0.006146,-0.005614,-0.033244,-0.018964,153.760590,154.855133,25.000000,-6.285353,-35.210617,-24.007915
461770996.110108,-0.028290,-0.659729,-0.754425,-0.032166,0.722130,-0.057168,0.996635,-0.078330,0.024133,0.042875,0.749174,0.660984,-0.069855,-0.657725,0.750012,0.002130,0.011891,-0.010929,0.043039,-0.009923,0.018983,154.178650,155.273193,25.000000,-6.285353,-35.073265,-23.543591
461770996.143393,-0.030731,-0.647812,-0.737518,-0.032752,0.722282,-0.056703,0.996630,-0.078256,0.024570,0.042522,0.749093,0.661098,-0.070140,-0.657826,0.749897,-0.003720,0.001369,-0.004528,0.014329,-0.013513,0.012705,153.553802,154.648346,25.000000,-6.664360,-35.382309,-23.444092
461770996.176781,-0.027084,-0.656326,-0.761444,-0.033723,0.722361,-0.058396,0.996427,-0.080584,0.025296,0.043786,0.748968,0.661158,-0.072224,-0.657688,0.749820,0.000653,0.002329,0.005542,-0.035329,-0.067757,-0.043100,152.019897,153.114441,25.000000,-6.767726,-34.935913,-23.808920
461770996.210118,-0.021393,-0.654175,-0.734650,-0.035258,0.723789,-0.060380,0.996149,-0.083607,0.026413,0.045215,0.747937,0.662228,-0.075122,-0.658484,0.748836,0.006104,0.009488,-0.006748,0.153047,-0.106661,-0.044934,151.875320,152.969864,25.000000,-6.457627,-34.832893,-23.974751
461770996.242848,-0.030380,-0.655777,-0.745544,-0.037427,0.727771,-0.061920,0.995844,-0.086680,0.027938,0.046204,0.745228,0.665207,-0.078481,-0.661152,0.746136,0.004760,0.008255,0.009503,0.057044,-0.083999,-0.021503,152.111877,153.206421,25.000000,-6.113078,-34.901573,-23.974751
461770996.276770,-0.017349,-0.657990,-0.742752,-0.038477,0.728150,-0.062388,0.995720,-0.087851,0.028712,0.046536,0.744955,0.665490,-0.079853,-0.661305,0.745854,-0.001637,0.007760,-0.003810,0.043288,-0.087681,-0.032548,152.236267,153.330811,25.000000,-6.181990,-35.313629,-23.709421
461770996.310159,-0.032150,-0.672180,-0.716003,-0.040883,0.729828,-0.063712,0.995402,-0.090811,0.030461,0.047452,0.743777,0.666741,-0.083204,-0.662230,0.744666,-0.002757,0.005136,0.009376,0.035852,-0.059199,0.006143,154.521713,155.616257,25.000000,-6.388722,-35.588341,-23.643087
461770996.343775,-0.036194,-0.664825,-0.742432,-0.041923,0.730124,-0.064453,0.995246,-0.092247,0.031227,0.047990,0.743545,0.666962,-0.084744,-0.662293,0.744437,-0.006584,0.000305,0.020209,-0.057836,-0.044312,-0.041079,154.107117,155.201660,25.000000,-6.492088,-35.622681,-23.742584
461770996.376911,-0.034271,-0.658203,-0.731110,-0.043530,0.728955,-0.066800,0.994890,-0.095608,0.032458,0.049787,0.744207,0.666091,-0.087839,-0.661071,0.745164,0.001314,0.004958,-0.006652,-0.019086,-0.114549,-0.060821,154.255844,155.350388,25.000000,-6.457634,-35.657013,-23.775751
461770996.410136,-0.032944,-0.660461,-0.738647,-0.045669,0.727014,-0.070066,0.994382,-0.100204,0.034110,0.052308,0.745329,0.664642,-0.092023,-0.659123,0.746383,-0.001214,0.009841,0.028000,-0.117615,-0.153550,-0.092906,153.286240,154.380783,25.000000,-6.871095,-36.000397,-23.908417
461770996.443479,-0.028305,-0.658676,-0.767303,-0.047022,0.723033,-0.074841,0.993773,-0.105703,0.035244,0.056064,0.747704,0.661662,-0.096292,-0.655566,0.748974,0.006283,0.001261,-0.009327,-0.130080,-0.138728,-0.085830,152.182083,153.276627,25.000000,-7.112278,-36.034737,-23.875250
461770996.476904,-0.031403,-0.641678,-0.750015,-0.049055,0.720294,-0.077913,0.993250,-0.109986,0.036856,0.058501,0.749331,0.659606,-0.100165,-0.652997,0.750707,0.000189,0.007445,-0.008143,-0.030284,-0.130465,-0.064414,152.535538,153.630081,25.000000,-7.146733,-36.069077,-24.240076
461770996.510164,-0.028748,-0.650360,-0.757889,-0.050741,0.719138,-0.081789,0.992645,-0.114891,0.038160,0.061467,0.749859,0.658736,-0.104297,-0.651546,0.751406,0.009977,0.015136,0.001818,-0.019127,-0.147828,-0.089783,154.081329,155.175873,25.000000,-6.836637,-35.966064,-24.339575
461770996.543502,-0.027496,-0.647598,-0.765991,-0.052386,0.718805,-0.086127,0.991961,-0.120254,0.039407,0.064738,0.749804,0.658486,-0.108733,-0.650641,0.751561,0.010660,0.008125,-0.006328,0.034519,-0.159084,-0.086834,154.944778,156.039322,25.000000,-6.733272,-36.000397,-24.240078
461770996.576759,-0.029358,-0.654221,-0.755569,-0.054182,0.721442,-0.090023,0.991273,-0.125393,0.040663,0.067503,0.747813,0.660468,-0.113227,-0.651960,0.749752,0.009688,0.009437,-0.012547,0.128020,-0.143456,-0.072872,154.932480,156.027023,25.000000,-6.940003,-36.000397,-24.173748
461770996.610150,-0.042252,-0.659271,-0.736588,-0.055848,0.724420,-0.092532,0.990752,-0.129089,0.041802,0.069197,0.745680,0.662701,-0.116718,-0.653680,0.747716,0.003289,0.012692,0.000859,0.065616,-0.100083,-0.050615,154.904770,155.999313,25.000000,-7.043366,-35.554001,-23.344595
461770996.643715,-0.030334,-0.657791,-0.763992,-0.057727,0.725321,-0.094408,0.990281,-0.132214,0.043173,0.070540,0.744954,0.663376,-0.119869,-0.653883,0.747040,0.000921,0.004104,0.010453,0.012006,-0.085051,-0.038972,154.872696,155.967239,25.000000,-7.181187,-35.347969,-23.145599
461770996.676732,-0.025574,-0.653488,-0.745560,-0.059677,0.728400,-0.095165,0.989931,-0.134375,0.044507,0.070909,0.742864,0.665677,-0.122513,-0.655818,0.744912,0.010587,0.009945,-0.020789,0.186695,-0.089328,-0.005886,154.876633,155.971176,25.000000,-6.871089,-35.313629,-23.178762
461770996.710165,-0.053635,-0.671494,-0.727814,-0.061563,0.734865,-0.095283,0.989654,-0.136023,0.045646,0.070585,0.738556,0.670487,-0.124914,-0.660328,0.740516,-0.003640,0.010285,0.008460,0.114259,-0.076772,-0.018788,154.910110,156.004654,25.000000,-6.974455,-35.966064,-23.477255
461770996.743569,-0.036835,-0.666519,-0.743225,-0.063714,0.738796,-0.096757,0.989161,-0.139085,0.047071,0.071419,0.735822,0.673398,-0.128295,-0.662738,0.737780,0.007337,0.004560,0.003878,0.114173,-0.073241,-0.045661,155.457947,156.552490,25.000000,-7.008912,-36.343781,-23.311422
461770996.776777,-0.044617,-0.674393,-0.730362,-0.064433,0.743283,-0.096996,0.989015,-0.140010,0.047406,0.071302,0.732790,0.676709,-0.129485,-0.665895,0.734723,0.004086,0.008145,-0.005633,0.185326,-0.033983,0.008162,155.270554,156.365097,25.000000,-7.250099,-36.652824,-23.211926
461770996.810148,-0.041092,-0.672882,-0.725204,-0.066369,0.747315,-0.097333,0.988695,-0.141828,0.048647,0.071283,0.730045,0.679672,-0.131911,-0.668521,0.731901,-0.006361,0.000290,0.004133,0.048105,-0.081490,-0.039993,155.269180,156.363724,25.000000,-7.387919,-36.721497,-23.211926
461770996.843495,-0.037704,-0.670044,-0.723129,-0.066851,0.747687,-0.099075,0.988381,-0.143891,0.048983,0.072529,0.729668,0.679945,-0.133579,-0.668491,0.731626,0.009554,0.004758,0.001874,0.024381,-0.051851,-0.027054,155.309158,156.403702,25.000000,-7.112275,-37.339592,-23.145596
461770996.876818,-0.049530,-0.672989,-0.728806,-0.067069,0.748888,-0.100511,0.988138,-0.145514,0.049087,0.073495,0.728750,0.680825,-0.134842,-0.669141,0.730799,0.009003,0.010873,0.010768,0.031876,-0.043212,-0.014897,155.369446,156.463989,25.000000,-7.250096,-37.614296,-23.211929
461770996.910173,-0.039978,-0.672852,-0.737579,-0.068257,0.749310,-0.100739,0.987941,-0.146555,0.049936,0.073633,0.728447,0.681134,-0.136199,-0.669243,0.730454,-0.003195,0.002911,-0.008773,0.034380,-0.061666,-0.020791,157.166870,158.261414,25.000000,-6.802180,-37.648636,-23.311428
461770996.943442,-0.054581,-0.680054,-0.705719,-0.069566,0.750643,-0.102407,0.987508,-0.149145,0.050829,0.074754,0.727419,0.682109,-0.138707,-0.669789,0.729482,0.014452,0.014339,-0.002269,0.068070,-0.090083,-0.030021,155.833557,156.928101,25.000000,-7.146736,-37.099228,-23.444092
461770996.976776,-0.058243,-0.687469,-0.717102,-0.071727,0.752760,-0.103704,0.986998,-0.151984,0.052302,0.075548,0.725884,0.683656,-0.141870,-0.670816,0.727928,-0.002279,0.003602,0.022209,0.028187,-0.104664,-0.037507,156.169128,157.263672,25.000000,-6.974461,-36.927536,-23.344593
461770997.010061,-0.046127,-0.671371,-0.734283,-0.073344,0.752363,-0.105287,0.986526,-0.154608,0.053499,0.076725,0.726033,0.683366,-0.144496,-0.670054,0.728113,0.006456,0.006959,-0.005011,-0.035446,-0.069949,-0.024914,156.163300,157.257843,25.000000,-6.974461,-36.584152,-23.211926
461770997.043401,-0.056854,-0.679871,-0.706451,-0.074432,0.752761,-0.106521,0.986174,-0.156577,0.054271,0.077593,0.725668,0.683656,-0.146427,-0.669993,0.727784,0.007548,0.011446,0.001221,0.054345,-0.086326,-0.030174,156.187088,157.281631,25.000000,-6.457631,-36.343781,-23.510422
461770997.076774,-0.036575,-0.676239,-0.727631,-0.076187,0.751814,-0.110514,0.985283,-0.161635,0.055597,0.080561,0.725995,0.682965,-0.150754,-0.668435,0.728332,0.019022,0.006726,0.000702,-0.077894,-0.069801,-0.037461,156.202118,157.296661,25.000000,-6.664360,-35.931725,-23.775751
461770997.110165,-0.057159,-0.679428,-0.734558,-0.075783,0.750960,-0.111267,0.985228,-0.162060,0.055347,0.081172,0.726514,0.682341,-0.150790,-0.667768,0.728936,0.003910,0.003004,-0.014457,0.033084,-0.011126,0.009152,156.207932,157.302475,25.000000,-6.767726,-36.446793,-23.742584
461770997.142830,-0.044678,-0.679688,-0.722427,-0.076394,0.751234,-0.111396,0.985113,-0.162610,0.055778,0.081245,0.726317,0.682541,-0.151501,-0.667848,0.728716,-0.004265,0.006974,-0.002074,0.026844,-0.061608,-0.025771,156.190918,157.285461,25.000000,-7.146733,-36.549805,-23.377758
461770997.176718,-0.052551,-0.680115,-0.731430,-0.077125,0.751725,-0.114271,0.984526,-0.165957,0.056285,0.083295,0.725748,0.682900,-0.154180,-0.667644,0.728341,0.003733,0.002785,-0.003090,-0.004248,-0.022308,-0.026327,156.115265,157.209808,25.000000,-7.525743,-37.476929,-23.012930
461770997.210092,-0.058228,-0.683029,-0.710480,-0.077743,0.752235,-0.115608,0.984203,-0.167715,0.056708,0.084225,0.725290,0.683272,-0.155724,-0.667703,0.727958,-0.001932,0.007781,0.015831,0.022037,-0.078940,-0.037763,156.088715,157.183258,25.000000,-7.629106,-37.167877,-23.112431
461770997.243459,-0.049179,-0.676987,-0.725830,-0.079305,0.752777,-0.117369,0.983657,-0.170520,0.057816,0.085458,0.724773,0.683668,-0.158482,-0.667553,0.727500,-0.005280,-0.000399,0.005057,-0.011668,-0.089952,-0.058648,157.787369,158.881912,25.000000,-6.871092,-37.236557,-22.847101
461770997.276781,-0.062088,-0.676865,-0.730042,-0.079456,0.752501,-0.119069,0.983343,-0.172277,0.057940,0.086713,0.724813,0.683466,-0.159742,-0.667058,0.727679,0.008761,0.006480,0.001849,-0.022911,-0.092391,-0.066034,158.145035,159.239578,25.000000,-6.802180,-36.824493,-22.913433
461770997.310183,-0.051102,-0.675873,-0.723434,-0.080954,0.751699,-0.124756,0.982107,-0.178817,0.059075,0.090901,0.724852,0.682881,-0.164932,-0.665292,0.728137,0.003396,0.004979,0.000598,0.011977,-0.143091,-0.107965,158.162994,159.257538,25.000000,-6.629906,-36.927505,-23.012934
461770997.343756,-0.049210,-0.681519,-0.711716,-0.081851,0.753624,-0.129637,0.981057,-0.184318,0.059620,0.094268,0.723095,0.684286,-0.169237,-0.665703,0.726773,0.010685,0.009679,0.006802,0.080587,-0.127342,-0.090526,158.137619,159.232162,25.000000,-7.112275,-36.858833,-23.145596
461770997.376709,-0.060425,-0.679733,-0.732483,-0.082152,0.754980,-0.132660,0.980433,-0.187564,0.059763,0.096331,0.721886,0.685274,-0.171675,-0.666108,0.725829,0.009851,0.004275,0.006697,-0.006776,-0.035883,-0.046973,157.414795,158.509338,25.000000,-7.215641,-37.030518,-22.913433
461770997.410056,-0.068405,-0.690079,-0.726593,-0.082068,0.755730,-0.135591,0.979887,-0.190426,0.059660,0.098378,0.721092,0.685820,-0.173618,-0.666157,0.725322,-0.007861,0.002211,-0.013905,0.087914,-0.095583,-0.112751,156.766663,157.861206,25.000000,-7.663560,-37.682938,-22.614939
461770997.443466,-0.085892,-0.716400,-0.707321,-0.083226,0.760633,-0.141248,0.978547,-0.197028,0.060219,0.101980,0.717185,0.689380,-0.179016,-0.668450,0.721892,-0.017296,-0.012784,0.008239,0.157692,-0.165025,-0.183495,156.470184,157.564728,25.000000,-7.732472,-37.888969,-22.747604
461770997.476761,-0.117386,-0.720703,-0.677261,-0.083931,0.769630,-0.151727,0.976215,-0.208280,0.060206,0.108548,0.709917,0.695870,-0.187677,-0.672783,0.715640,-0.027883,-0.022590,0.015994,0.267098,-0.240096,-0.350249,157.244904,158.339447,25.000000,-7.594651,-38.438385,-22.813938
461770997.510015,-0.150024,-0.748840,-0.699280,-0.078008,0.779109,-0.168721,0.973608,-0.221390,0.055449,0.119483,0.701436,0.702646,-0.194453,-0.677476,0.709376,-0.061936,-0.018057,0.032115,0.226598,-0.116464,-0.442073,158.644714,159.739258,25.000000,-7.215645,-38.678757,-22.581772
461770997.543474,-0.067001,-0.730637,-0.764847,-0.059637,0.783952,-0.199912,0.969984,-0.239476,0.042206,0.140623,0.694026,0.706083,-0.198382,-0.678955,0.706870,-0.118317,-0.009493,0.062446,-0.189316,-0.047519,-0.965649,159.824356,160.918900,25.000000,-6.905546,-38.781769,-22.349609
461770997.575842,0.303314,-0.567917,-0.489914,-0.043651,0.791101,-0.236385,0.963997,-0.264136,0.030680,0.164650,0.683511,0.711128,-0.208804,-0.680474,0.702393,-0.021230,0.004127,-0.050293,0.570201,-0.406144,-0.835487,161.755676,162.850220,25.000000,-6.388716,-39.708893,-21.653122
461770997.610080,0.041794,-0.673309,-0.407150,-0.038129,0.812881,-0.265821,0.956903,-0.289223,0.026204,0.180583,0.663265,0.726270,-0.227434,-0.690238,0.686909,0.329518,0.158354,0.196996,0.421916,-0.552642,-0.144623,161.008560,162.103104,25.000000,-6.181984,-40.464340,-21.520458
461770997.643884,-0.038986,-0.720947,-0.615479,-0.077989,0.800785,-0.248254,0.952653,-0.299182,0.054237,0.171051,0.674802,0.717902,-0.251383,-0.674635,0.694028,-0.028726,0.084129,0.191113,-0.847481,-0.688666,0.187419,159.113144,160.207687,25.000000,-6.560994,-40.910736,-21.354630
461770997.676766,-0.130508,-0.698761,-0.817581,-0.082499,0.758780,-0.268116,0.945972,-0.318686,0.059799,0.192243,0.699749,0.688037,-0.261112,-0.639367,0.723208,0.020813,-0.032911,0.107729,-1.582000,-0.481225,-0.413196,154.148865,155.243408,25.000000,-7.560197,-41.357124,-22.714437
461770997.710035,-0.082123,-0.641586,-0.815094,-0.079680,0.687833,-0.306175,0.935237,-0.348640,0.061497,0.232879,0.736692,0.634864,-0.266643,-0.579427,0.770172,-0.045085,-0.034630,-0.051651,-1.216261,-0.311922,-0.569471,159.917023,161.011566,25.000000,-7.698018,-41.357124,-24.770737
461770997.743382,-0.023102,-0.600754,-0.895752,-0.064085,0.686876,-0.317617,0.935350,-0.350241,0.049518,0.241483,0.734556,0.634124,-0.258471,-0.581170,0.771644,0.122791,0.058578,-0.217629,0.906525,0.633616,0.168129,162.976181,164.070724,25.000000,-7.215645,-41.494476,-25.964716
461770997.776709,-0.019989,-0.566101,-0.363449,-0.070301,0.720107,-0.305751,0.937322,-0.344440,0.052804,0.226280,0.716871,0.659465,-0.265000,-0.606182,0.749879,-0.043021,0.058818,-0.092742,1.075276,0.270043,0.026638,165.246048,166.340591,25.000000,-7.112278,-41.940872,-26.263210
461770997.810160,-0.014847,-0.565338,-0.492889,-0.073237,0.713884,-0.316144,0.932998,-0.355607,0.055305,0.234988,0.718367,0.654774,-0.272572,-0.597907,0.753798,0.058189,0.076954,0.410415,-1.404447,-0.520682,-0.300422,163.897949,164.992493,25.000000,-7.525743,-42.558960,-26.329544
461770997.843383,0.046051,-0.574112,-0.990662,-0.072499,0.641943,-0.338863,0.926238,-0.372447,0.058016,0.266242,0.755387,0.598753,-0.266828,-0.539142,0.798830,0.100329,0.021895,-0.119765,-2.192424,-0.219460,-0.403388,162.045242,163.139786,25.000000,-7.732472,-42.490280,-26.860199
461770997.876833,-0.148483,-0.599197,-0.927414,-0.066064,0.606498,-0.350065,0.924396,-0.377557,0.054242,0.281792,0.771816,0.569994,-0.257070,-0.511615,0.819857,0.015820,-0.018019,-0.167570,-0.325442,-0.240555,-0.022899,161.125961,162.220505,25.000000,-7.766927,-41.769180,-29.281322
461770997.910138,-0.161865,-0.603989,-0.876099,-0.077415,0.611164,-0.354438,0.919631,-0.387644,0.063338,0.284238,0.768074,0.573821,-0.271086,-0.509701,0.816528,-0.111329,-0.032288,-0.088990,0.179202,-0.450564,-0.306097,163.868958,164.963501,25.000000,-7.698014,-41.631836,-31.138622
461770997.943361,0.028198,-0.511520,-0.808884,-0.077072,0.611658,-0.376371,0.910993,-0.407575,0.063036,0.300911,0.761392,0.574225,-0.282035,-0.504147,0.816267,-0.006117,0.020560,-0.035997,-0.095286,-0.338256,-0.642381,164.445190,165.539734,25.000000,-8.180387,-42.112564,-31.403952
461770997.976788,-0.026993,-0.583862,-0.780670,-0.077483,0.614838,-0.393130,0.903839,-0.423176,0.063230,0.312927,0.754552,0.576826,-0.291809,-0.501571,0.814416,0.086637,0.101377,0.004800,0.293792,-0.271444,-0.221603,166.294662,167.389206,25.000000,-7.939204,-42.833664,-31.768778
461770998.010138,-0.055908,-0.525620,-0.788300,-0.092301,0.627882,-0.382754,0.903470,-0.422113,0.074591,0.302245,0.750714,0.587432,-0.303959,-0.508182,0.805829,-0.047525,0.044311,0.098050,0.528165,-0.597147,0.314068,163.285980,164.380524,25.000000,-8.077024,-43.383072,-31.437115
461770998.043490,-0.104706,-0.692444,-0.926010,-0.105638,0.659439,-0.371372,0.903193,-0.421068,0.083334,0.286808,0.736459,0.612673,-0.319350,-0.529461,0.785931,-0.030512,-0.133558,-0.202015,1.938745,-0.713764,-0.104704,162.761444,163.855988,25.000000,-8.593855,-44.172852,-30.342636
461770998.076899,-0.066208,-0.570618,-0.691162,-0.124288,0.716098,-0.376836,0.892715,-0.440811,0.093518,0.277595,0.701441,0.656446,-0.354966,-0.560059,0.748554,0.047025,0.079633,0.111500,1.142430,-0.443884,-0.111039,163.508957,164.603500,25.000000,-8.938405,-44.790924,-29.281322
461770998.110128,-0.186584,-0.560532,-0.480759,-0.135669,0.730847,-0.363226,0.894090,-0.436418,0.100710,0.264554,0.696027,0.667501,-0.361407,-0.570162,0.737767,-0.085874,0.106969,0.257008,-0.055148,-0.268148,0.287988,162.779770,163.874313,25.000000,-9.455232,-45.718048,-27.457188
461770998.142476,-0.044891,-0.722961,-0.804489,-0.153952,0.723877,-0.347537,0.894505,-0.432043,0.114892,0.255180,0.704450,0.662294,-0.367075,-0.563107,0.740382,0.067819,-0.024717,0.036937,-0.257525,-0.188099,0.619932,162.481842,163.576385,25.000000,-9.489683,-46.164436,-26.296371
461770998.176714,-0.076614,-0.667389,-0.786667,-0.167478,0.712655,-0.321552,0.901025,-0.415025,0.126127,0.239125,0.717848,0.653845,-0.361902,-0.558970,0.746042,0.010481,-0.028635,-0.082113,-0.234608,0.123111,0.562149,161.852982,162.947525,25.000000,-9.661962,-45.992744,-26.661198
461770998.210111,-0.033493,-0.620773,-0.738190,-0.182699,0.704924,-0.304592,0.902786,-0.407220,0.138382,0.228425,0.726601,0.647976,-0.364417,-0.553374,0.748984,0.112305,-0.041599,0.031562,-0.283820,-0.285843,0.460883,162.353424,163.447968,25.000000,-10.282158,-45.512016,-27.390854
461770998.242624,-0.174179,-0.545883,-0.691986,-0.190905,0.696112,-0.296372,0.903492,-0.403115,0.145601,0.224103,0.733887,0.641239,-0.365348,-0.546725,0.753401,0.112200,-0.064755,0.031157,-0.518492,-0.129893,0.507557,160.309952,161.404495,25.000000,-11.143540,-44.653564,-28.286341
461770998.275862,-0.247162,-0.493347,-0.720352,-0.213991,0.659934,-0.274431,0.905342,-0.390138,0.167773,0.214098,0.760470,0.613064,-0.366766,-0.519113,0.772013,-0.038114,0.068890,0.065073,-0.903167,-0.351240,0.556845,159.382568,160.477112,25.000000,-11.798189,-44.275848,-28.783833
461770998.310116,-0.065338,-0.440735,-0.857895,-0.200315,0.620027,-0.276759,0.911119,-0.378994,0.161941,0.222380,0.782892,0.581057,-0.347000,-0.493400,0.797589,-0.084595,0.519076,0.538724,-1.354039,1.289018,-0.366987,159.955887,161.050430,25.000000,-11.798189,-43.039673,-30.707464
461770998.343456,-0.108292,-0.335861,-0.934860,-0.089041,0.572485,-0.303719,0.936044,-0.343854,0.074746,0.251387,0.802086,0.541723,-0.246226,-0.488286,0.837227,0.019036,0.178930,-0.057334,-1.596038,2.762257,-0.466479,171.728043,172.822586,25.000000,-8.800584,-41.837852,-34.587898
461770998.376006,-0.118134,-0.353088,-1.355499,-0.022940,0.528751,-0.331443,0.941560,-0.336263,0.019805,0.280969,0.816444,0.504455,-0.185800,-0.469410,0.863211,-0.206269,0.123397,-0.151926,-1.486108,0.623289,-0.804234,178.929550,180.024094,25.000000,-6.319810,-40.670357,-37.373848
461770998.409180,-0.028015,-0.282196,-0.798447,-0.026090,0.458974,-0.362601,0.930560,-0.365393,0.023388,0.317998,0.838214,0.443029,-0.181483,-0.404827,0.896202,0.108135,0.263707,0.457360,-3.529829,-0.660503,-0.494733,174.279953,175.374496,25.000000,-2.081819,-37.476921,-43.774902
461770998.443420,0.000244,-0.356049,-1.002518,0.038617,0.315475,-0.376963,0.933503,-0.356686,-0.036702,0.349932,0.883901,0.310268,-0.078227,-0.302480,0.949940,-0.052877,0.007045,-0.023815,-3.916843,2.469839,-0.653326,217.989304,219.083847,25.000000,3.741115,-29.682190,-52.431252
461770998.476908,0.036484,-0.155670,-0.960190,0.126389,0.242401,-0.398672,0.925972,-0.357215,-0.122367,0.376846,0.894634,0.240034,0.023730,-0.268379,0.963021,-0.079200,-0.110933,0.035134,-1.312198,2.598730,-0.735966,226.519806,227.614349,25.000000,7.496737,-25.046555,-56.975006
461770998.510054,0.304489,-0.157822,-2.320999,0.225987,0.213012,-0.420744,0.908924,-0.354817,-0.219004,0.399209,0.892155,0.211404,0.120375,-0.279579,0.952547,-0.165217,0.125360,0.002199,-0.585140,3.292288,-1.000847,239.087997,240.182541,25.000000,20.555269,-14.710815,-65.498688
461770998.543406,0.436249,-0.141556,-1.819626,0.289675,0.150824,-0.446997,0.882731,-0.375548,-0.282398,0.427352,0.891512,0.150253,0.195334,-0.253316,0.947457,0.022091,-0.007569,-1.373542,-2.399102,-3.502824,-1.136105,250.503250,251.597794,25.000000,30.064911,-2.898529,-72.397232
461770998.576709,0.337021,-0.387161,-1.180786,0.241330,0.087428,-0.479194,0.871273,-0.429186,-0.238082,0.459303,0.883977,0.087316,0.172984,-0.185428,0.967312,0.066362,-0.283503,-0.179126,-0.984309,-2.072659,-1.456751,259.401306,260.495850,25.000000,32.132225,3.350983,-75.315849
